# Created by Octave 4.2.2, Thu Sep 06 07:58:44 2018 CDT <kushal@kushal>
# name: mean_tnf
# type: matrix
# rows: 1
# columns: 1025
 -0.05237592886720766 -0.01320140807375522 0.0002022162398859491 0.06042166423131471 0.03621673325948575 0.07433288520696807 0.05580791575157016 0.05905893807860554 0.03989939113309033 0.06553144506530029 0.04735613117562443 0.04595448715040496 0.07687773046300657 0.01781679629088388 -0.01287156585236399 -0.05278860735792887 -0.0706342389495207 -0.08646804696399654 -0.09019525804881928 -0.1067220130755696 -0.09860094728939729 -0.05572701145081038 -0.03548308642984957 0.008749968012348907 0.07504341471301418 0.08176861483911285 0.1081026781569163 0.1037386264765486 0.07087750460961 0.0261683600813198 0.01999585871552298 -0.05796341817689796 -0.0818988983291614 -0.1086924622860376 -0.08924043947830411 -0.1156943007594927 -0.09492203000621072 -0.07987723633621169 -0.03232825709393972 -0.01196726942136632 0.01197884265287309 0.05790656577577089 0.07043845285014398 0.107719100060035 0.1183644608600003 0.1227364500773949 0.1084526319704715 0.09466827215948326 0.04522139004397591 0.01094142420506609 -0.05432003615710124 -0.07837311857374105 -0.1258332025831857 -0.1245274947781896 -0.1713640213220468 -0.09435531486430448 -0.08921718490880554 -0.02786543105050408 -0.003010058172984083 0.06326721422317363 0.08153790535827286 0.1282448967004534 0.1536195810829178 0.1433539204285883 0.1278078026016121 0.1190727684119783 0.05397524809125641 0.002963826309032147 -0.05848330727793096 -0.09876355722081238 -0.1360288270124957 -0.1823260946177966 -0.1554725198940072 -0.136058615595453 -0.1042044201290262 -0.04552871025298386 -0.03602053993085094 0.0361110219038505 0.04653444719806098 0.09205296358127653 0.07509468963904083 0.1101142775088072 0.08969342912638784 0.06708390228597429 0.0409385383046896 0.009746461625356355 0.0276032138114499 -0.01911769748816211 -0.02495485992285924 -0.04954969804991199 -0.04541327262138786 -0.04699784846998614 -0.05782845109351961 -0.003327801246455962 -0.01677194212254664 0.01980167760455151 0.0002208546776482703 0.01798393158739206 0.05916408090475796 0.001531139968258521 0.04383490551001842 0.008432060855673971 -0.007136041450598015 -0.04045560609004459 -0.06738822907611879 -0.04765746147884074 -0.04645357396380061 -0.01626171054478744 0.004571137725569915 0.03721974347134673 0.008201441338880238 0.01866416466255253 0.02252234261030426 0.02890830358418914 0.02293458591170843 0.03363091488782646 -0.007046543361213079 -0.002930734568886749 -0.0104485216513108 0.001502024707360423 0.006399624771586502 -0.01160562429911336 -0.01927453193431924 -0.03919811874519329 -0.05463115301367022 -0.09070057184208524 -0.05624509059461556 -0.08873201279497445 -0.02749523994847148 -0.04453036834027525 0.0179901205881074 0.0709798565639963 0.08292916979342334 0.1496091217119916 0.1120150301341951 0.1423225877121248 0.05863948227838748 0.05531292575367505 -0.04204075424489605 -0.06257433077388179 -0.08649681587560924 -0.1026200870664382 -0.07225739507643716 -0.1098235847497442 -0.05082557697022266 -0.04588368580124535 -0.03029107748552018 -0.02212066613087447 -0.06447691360800034 -0.04662372439660865 -0.05304342637216472 -0.05355279276172349 -0.04249673606331871 0.03107029484959097 0.07575716027789496 0.09850932236068345 0.1311481083334993 0.1709642020572454 0.1607207364278369 0.128858427319741 0.1048815073541594 0.06112304342608935 0.0192498922270265 -0.04678827073782355 -0.06418964172972458 -0.1192204140843932 -0.1454515072985833 -0.1772600117513829 -0.2054036622796338 -0.1886046655618826 -0.1823449373757831 -0.1372675362037203 -0.09630558110716329 -0.05064645957712784 0.03290554808170248 0.1191606946334605 0.1802671190595552 0.196527861459646 0.2147354488615827 0.2154199433808154 0.1576996073153362 0.1236616031839018 0.03541849605911269 -0.005593589581226015 -0.04275632883246568 -0.07248736233759728 -0.06327829703799821 -0.08593347511293058 -0.08043693855655627 -0.1055723995847334 -0.07768034684222254 -0.09683865921726781 -0.1182533591648238 -0.1030337901180017 -0.133382240870783 -0.06389674513845187 -0.07619680385783797 -0.001436340396707654 0.02762241254243554 0.1014887403370495 0.121179191971579 0.2055705941098556 0.2017020547351915 0.2166519096124433 0.1503585168315968 0.1543202338495114 0.05493893031029656 0.03493299318924453 -0.07694171874002997 -0.09573112084567262 -0.1383521792971247 -0.1592583433219942 -0.1841345628702954 -0.1879151709593293 -0.1723449161611984 -0.1627455369695656 -0.1184010101456719 -0.1160440083869406 -0.05772578880741815 -0.0187335517981369 0.06240713348670029 0.07432582334801743 0.1364789549252974 0.1485795475077936 0.2072751765435082 0.1923416382193981 0.2089755167479133 0.1777682929037695 0.1624972489395314 0.1117721603326835 0.02773772906644745 -0.04028141115524411 -0.04748462307571984 -0.1647458549067247 -0.165900852070291 -0.2463473723024093 -0.2060672618365202 -0.2143290142736084 -0.1770420541363471 -0.1486689766535648 -0.08714056284606295 -0.05321212551433196 0.01733226182338266 0.04493475618263262 0.1221040707612368 0.1649301350659511 0.2042495772221544 0.2172225151858901 0.1853974949659946 0.1418178620453479 0.1282226364728019 0.08862123397197022 -0.00150060785138884 -0.02982799398332174 -0.07326190755109345 -0.1324221921212709 -0.1351637949742729 -0.174591048936893 -0.1291493309553753 -0.129285116302269 -0.05570432549035619 -0.07320509485496489 -0.02336859742745727 -0.0140738236804202 0.01307594141903913 0.03621788722588471 0.0398510492374344 0.09771437428057632 0.09413808595695568 0.124592622462394 0.1318729591649098 0.1380347091708601 0.1201793962947202 0.1064868522666095 0.06485879274485963 -0.007136254741730473 -0.06207725231438627 -0.1283194685500493 -0.1670134948975179 -0.1975724788625846 -0.1719942765764379 -0.1817855764176365 -0.1381298031985569 -0.1195049683722859 -0.04892625007179156 0.01378562757112754 0.05970865739955174 0.09830995082868045 0.1192967473245052 0.1486611582979138 0.1147549063769815 0.1128656821551888 0.1033163283330643 0.05038661574235326 0.03309627054440189 0.007418151745207748 0.00827207496060055 -0.004511645842019615 -0.0343208178165165 -0.04526222426755115 -0.08106860328799025 -0.09926613279976659 -0.1229106269583645 -0.1160225223954745 -0.08689485669731181 -0.09448767226156747 -0.06852549823198059 -0.01330781672737491 0.02949965749259659 0.08714379974196029 0.1167345587930103 0.1612187810952075 0.1224131060568068 0.1364585943254232 0.06764782687350233 0.06134924805619702 0.0231984738452686 -0.007559539893718544 -0.05170515448311787 -0.07016939756681202 -0.07457319050014273 -0.0794354417324159 -0.07694150709596298 -0.06316324915039809 -0.05641868606255086 -0.02613496999560326 -0.06307181048036885 -0.02503936453048249 -0.02667840652218384 -0.03316954077731821 0.0129336301721823 0.03279255052607019 0.0691239801717503 0.09298780551368002 0.1188817116030144 0.1327553225341508 0.1016854848486638 0.1128595648093684 0.07782192015072596 0.03633329944577435 0.03892212150774068 -0.01620007277009636 -0.02615339455146608 -0.0468228458888635 -0.0715910270214726 -0.05136570634504515 -0.1187527789505656 -0.08303998093204254 -0.1075492762349632 -0.1007009224122142 -0.1210881827336946 -0.07612994293057394 -0.04470862037070242 -0.01736756707211813 0.02884212642174458 0.09754237220432216 0.1324530111341722 0.1751124482316141 0.1779309950934973 0.1700595194741025 0.1323874078457815 0.07596692807068403 0.03028314486434529 -0.0112898047809841 -0.03086503406861207 -0.07001634144037021 -0.09095617276106252 -0.0863727942888779 -0.07061605333533208 -0.03397718029676702 -0.05297977858464112 -0.0374431032843849 -0.04797349865375446 -0.05886778587057247 -0.0904352300297471 -0.07039540533315126 -0.03825458515621187 -0.005112772016022993 0.03895148161403704 0.07914433328872267 0.1393951369031538 0.1569586067262791 0.1506836473565384 0.1243901599724254 0.1080429197597988 0.05754169685386919 0.02213558756373612 -0.04948987411083025 -0.06635503204721055 -0.09355807149720539 