# Created by Octave 4.2.2, Tue Aug 14 03:20:01 2018 CDT <kushal@kushal>
# name: s_s
# type: matrix
# rows: 1
# columns: 1000
 -0.1317606833612716 -0.1037339155412932 0.2478847653413034 0.1242347656700426 -0.4302684534298035 0.2312078864201762 0.04377463792433866 -0.4661409650539323 0.1999385391137489 -0.2062621441718802 -0.3959857505861525 0.193232972954068 -0.5512560320872887 0.2108868244938173 -0.3614656107671514 -0.05960894446717602 -0.03109058749312617 0.02303490309333445 -0.2479766856992967 0.2494701993804631 -0.07853399703610575 0.2381757198684119 0.1123297797296589 0.2172251984320272 0.06843966929586977 0.01238096228380732 0.3026534300892335 0.1687062832629468 -0.09612095628273168 0.06854613240294485 -0.1682293490905375 -0.03925923528499692 0.2700896761728695 0.2883791867885809 0.2904285058780319 0.09266597453687828 0.1156476598086023 -0.6189850590214734 0.02243301619621001 0.1094784268100305 0.2870232775016231 0.308769516219017 -0.2665071900981029 0.1985517118399676 -0.2090421104613424 0.3579020649671548 -0.2632247576317477 -0.001107185180583861 0.1682564868784029 -0.04028507799932617 0.2603027982758851 0.06162815497087264 -0.03672823298883348 -0.328812317608647 -0.1556229150224239 -0.3791393284291325 -0.1670115818447623 -0.1528807815831949 0.2573150530307304 -0.3138149296928252 -0.09547297980193369 0.2004870145156973 0.1773258074478639 0.1179768261817263 0.2213340284548116 0.0009900030683573074 -0.3648404976477096 -0.1023842167645666 0.02588959131824354 -0.04946441969779406 0.009395510310436625 -0.06105242769445123 0.3121101090503431 -0.3296269801861034 0.06391005709316282 -0.5104475266572354 -0.1293584585399037 0.2885046212336289 -0.04082602900029934 0.1381781723432719 0.02713179540757966 0.07887325328960527 -0.1307829211610848 -0.0662462039404994 -0.2114467001549358 0.09809813150966823 0.04304042493545081 -0.1264980478739139 -0.1602704441524119 -0.1178721708657665 -0.2923176408180369 0.2884042165130588 0.06780762425518776 -0.1194690924240823 0.1157538446441848 0.03541945630282999 0.3916041947261131 0.6352000612130349 -0.1038713396477423 -0.09400058906009917 -0.2713028971903237 -0.03345597761261186 -0.09087604462073967 -0.1186695926078488 -0.3182695280689845 0.1674493853913031 0.1861442509121534 -0.1863033214704463 -0.2742195397717491 0.3291278232640472 0.1366471212017375 -0.5177771472857911 -0.06047129348201132 0.03627188852774509 0.1045919914904046 -0.1750598789021343 -0.05696278504258173 -0.2212904103864717 0.3523998947061076 0.3962226356995581 -0.09590075920716835 -0.1140286122615097 -0.1319911742051553 -0.3339207876563423 -0.03949496407334648 -0.02755743162116989 -0.4088936453415932 0.2413408299959756 0.2186085889902425 0.4003874428537775 -0.03432211084387254 -0.1094776657136653 -0.5000998487065909 -0.05978498379629565 -0.3229756239436986 -0.3211986922649076 0.08714730403206214 0.421876512763589 0.7114582180711115 0.4645287271752254 0.6728846359434487 0.3406682713219172 0.0933964963295742 0.4307473022538688 0.5097585727139478 -0.1580167797161826 -0.4315533553844161 -0.5820872369661405 -1.000570238710936 -0.65684096724871 -1.052101437255173 -1.175267732202425 -0.7698876204911158 -0.3106929027821257 -0.3299546896610728 -0.06076143644634403 0.8196043433651354 0.7944318939417166 0.7291587497891255 0.9018076610180206 0.90382335796114 1.010473967506357 0.7374355027258882 0.6543761515891963 0.3244115182464147 0.03139117624043724 -0.2757700213484354 -0.4152263397985738 -0.2217266805108001 -0.73131747453354 -0.8671688895394435 0.07223609623276195 -0.5131356684104662 0.2527649066138812 0.388515348976966 0.06642066132192551 0.3945188406980618 -0.008032584790553243 0.5722025862731297 0.7207104974597272 0.3189026798754728 -0.04480615803481772 0.00764080198647353 0.05541485369858156 0.03184069579152879 0.1366103117372628 -0.1328025138339559 0.0317354751015519 -0.1466725816882623 -0.07234332398560153 -0.3048167062213063 0.07049368555589221 0.2576395647263999 0.1521196633546701 0.2431416851238093 -0.3892387320524451 0.1908032344972467 0.2820206033230768 0.05595327192004868 0.3028433024462147 -0.2265780375277737 -0.03079487923240314 0.0001160882611806781 0.06266626667069317 0.5193444767457546 -0.6116180735963728 0.3302802388419147 -1.534967083965195 -0.02153574682586281 -0.5631988082851537 0.009346819743524588 0.09621992479046258 0.3381192311890079 0.3390522643960309 0.5268556269954413 0.2877672798599521 0.204280733965138 -0.004187667156946934 0.187890190897572 0.8541305475801454 0.3501551090176603 0.547075097007176 0.3308457411806018 0.3103339491096538 -0.3170645624332357 -0.4049243226061002 0.3744692908744414 0.378730595012832 0.6021075004020833 -1.037233607027848 -0.4230790273697656 -0.104839152974885 -0.532077021348508 0.4829887483114375 0.3014582703134441 0.3744679801452329 -0.1247177045178917 -0.364475635761818 -0.07286825648812384 0.367471466439507 0.1373621287021921 0.4591805035547918 -0.375168966562794 -0.5901026720978693 -0.3926117136134281 0.1785056718786526 0.1549033063297647 -0.3060697429453127 0.1520044140353714 -0.1381108403154607 0.1030755715636747 0.06988130376712898 0.2259200628858285 0.5625828019626252 0.1393629472530027 -0.255723018966125 0.486105652497609 0.1932281564127837 -0.2971751276281202 0.1290106267394971 -1.002679830381533 0.1565929841240804 -0.474646202758501 -0.2979516861192539 -0.2279962869519361 0.2772762063669637 0.3534708135582141 0.5774239945676068 -0.1220346163215192 0.2658522833188945 -0.4659883268104212 -0.470063072038492 0.4310412740301723 -0.4085563163314572 -0.1263809215306678 0.03488132206702908 -0.2232738382325131 -0.1456846588117803 -0.1439124828065378 0.2183583121275697 -0.02708759154676146 -0.7138665559734645 0.1716943931205235 0.3638037375745711 0.01254033756710998 -0.2362025146288146 -0.04990763104135001 -0.2296357394556107 -0.257503925817369 0.2615507203106031 -0.2556036302283872 -0.4503399918162899 0.1231012942141051 -0.394900803322741 0.1155939956413542 -0.2698951476361223 0.3158888839657136 -0.1148266978326885 -0.2846123600905528 0.2424149249383403 -0.2545133279314293 0.1537991012994685 0.1161195378501546 0.306515615688254 0.1742827695854199 0.3248964706449008 -0.03245572710136035 0.1437981463989974 -0.3935622348189797 -0.09995697851932991 -0.1882342641920743 -0.1405925797419318 -0.2815019328616021 -0.514444086797835 -0.2296211584229211 -0.2149845327736649 0.1027780063463051 -0.4327201594561663 0.5953001300416506 0.05974143844435064 0.1379327141448129 0.1584176041572063 0.0875147122814576 -0.1982655823115811 -0.3511258537811222 -0.3695468334915174 0.6077861516380766 -0.1774159496869942 -0.2885010508358792 0.4362966580372073 0.2196959065481652 -0.1882342925652065 0.2082708523863629 0.4719912757841831 0.5613200476043355 -0.1486589007589871 -0.2976059863906336 0.35663225686654 0.3340336612929248 0.1780208468988392 0.6215078161405188 -0.2120212039532707 0.1307306983804114 -0.06726336809216132 0.4473662833712564 -0.1149088133250075 -0.1185696688281771 -0.06947515029795158 0.1784321579679712 -0.04794312188332036 -0.1718327636900273 0.1498044137680713 0.2969829554783143 0.05057458409538438 -0.3980365843866482 0.006885107146104777 -0.305116699952749 0.07860639361324032 -0.3846961931435435 -0.03910673119521408 -0.07284418822158008 -0.1027473237713498 -0.01423818636278134 -0.535175087200581 0.3183044545803111 0.1721220989201787 0.5115593111946284 0.7592290797421939 -0.06629489014306066 -0.5684882889019572 0.1556125667685249 -0.7386652853496497 0.6076920270980809 -0.7630803856009386 0.352276201061979 -0.3516005103549414 0.1526847989385474 -0.1636692414259549 -0.4990638447614182 -0.3566823302837241 -0.7746120900152488 -0.160383007330613 -0.2823283962139324 -0.1850099146402798 -0.1209121252553826 0.8794034015794088 -0.3043851009479696 0.6014820846206912 -0.3428433824145792 0.4288936167147849 0.3977945038981005 0.2319246362268032 -0.1223589935679661 0.4756735961840033 -0.2562932159470425 0.2470873225092628 -0.2833771306138341 -0.2923657717057734 -0.1244236047975242 -0.1874436665643622 -0.3414678257622426 